1.0,1.8914478749998207,0.1729801142736779,0.7519837040589464,0.10596742278365641,0.9581952293701098,0.5200739809771301,0.41425791059269024
1.0,0.49680094435231453,0.22711918145993512,0.1881413536221809,0.010057312665787221,1.1679237757946035,0.37761128228905877,0.6297828465813294
1.0,0.8359530002194605,0.2869293177969535,1.4880756481631954,0.7219689084360172,0.827763050747055,0.5827529204300603,0.9803128296656268
1.0,1.2582675337797047,0.9297749945165796,0.3757837484274117,0.6857994240350457,0.03809143147843728,1.6617350259708086,1.2126932062376847
1.0,1.2655100306883356,1.4245160381442812,0.9702587822196532,0.28662041376613917,0.19025223432807165,0.09439046924875477,0.2406576391339877
1.0,0.6063662255644464,1.0750744158678858,0.8656529683676977,0.05880090781404895,1.074072246551992,1.2007746677282374,0.0488340286914243
1.0,0.4657627595679009,0.833391746221441,1.2515934927858228,0.027194399094320962,0.8667738608593416,1.1111313739734974,0.5105107574959511
1.0,2.299022207533669,1.6752948290572534,0.5846822594984459,0.00023613072623581037,0.40447062863229283,1.6668007461257779,1.5588706700338781
1.0,1.4348038511552477,0.35148707517921435,0.5181915375503194,0.16339447699810308,0.5638894201056157,0.10647856266287913,1.9822730024727009
1.0,0.9125322512824839,0.6702659265075613,1.8429218716879767,0.7503064417597312,0.9955347016667432,1.150635531916767,0.21442736266927687
1.0,0.28458957883097,0.38912167369468253,0.8917788977601981,0.28361024528122436,0.10362003204365497,2.8321601912353835,0.767427706057334
1.0,0.83411950268591,0.5978254345449137,1.73430289860461,0.521512536787129,0.0790736986793018,0.4294012041247041,0.07251775927811145
1.0,0.9037281407768223,0.26394535972481886,0.8976492429349198,0.16754143959581172,0.7639405544302149,0.8941018351038086,0.25084813456968835
1.0,0.0016408020610918196,2.29641886574837,0.7366451061612597,0.881311019980902,1.5703438411165478,0.8807736386037781,0.4955443809089653
1.0,0.29375822510637917,0.7686517216466388,0.58766192872379,0.05204223536387745,0.7657640878035823,1.114653389379816,0.8862094299776553
1.0,0.10012929923418745,0.6904076734388537,0.2272612277861303,0.4113372770572562,0.589335847538945,0.7872160617587018,0.38306609030584804
1.0,0.4837527790396064,0.9019972805831514,0.0017888667636634444,0.5039396812132351,0.6650190620437479,1.3972239805469502,1.1014881464388526
1.0,0.039665901350477865,0.9511667756312987,1.9308209541539707,0.9376456732760848,0.7768972479632715,0.7564045303904741,2.134744167798283
1.0,1.2036529557484947,0.09547713160002913,0.9152381972282626,0.20667998165018117,0.8141898446873992,0.8093006585089526,0.08348520218574412
1.0,1.0153257402526192,1.1525626175921164,0.908972455154731,0.26016235422980655,1.2140935790124723,0.8283549288634939,0.5556013876605915
1.0,0.8656928839282285,0.9849534914493592,0.21321746574484116,0.09325928689781658,1.9877877999339792,0.9614421405145506,1.3929928096239184
1.0,0.651765442399027,1.585985644534702,1.218186245912538,0.28559048099531004,0.07495781935694881,0.49792358075308984,0.344259527651559
1.0,0.07201108774748118,0.7303110862568497,0.044707722287398596,0.742295578075403,1.0449951863953535,1.82903228008226,1.790758497509232
1.0,0.5233157288558437,0.6846232167866945,1.0867447091444535,1.0215724560785104,0.9607559302539492,0.40687177701282606,1.7389371930717161
1.0,1.5207987577355186,1.5489466975010449,1.0793655496826737,0.2684832667984085,0.14838667506383493,2.325398932764637,1.2977261706426815
1.0,0.9830835813053797,0.548402274005054,1.1232848322479831,0.22172564895473065,0.3891140513259515,0.0732555237955124,0.3741415684573625
1.0,0.0155339767192849,1.879078836250677,2.0262827524280542,0.12604527847497415,0.12102359425129722,1.1596675007044566,2.237773510490416
1.0,0.7300598308293066,1.3113907936486047,1.0043894151657862,0.22427500097170142,2.4325207396436124,0.8298845063602591,1.012887044268255
1.0,0.37963957092394746,0.39495451270473686,1.6690643209449094,0.850494235960386,1.860196723875494,0.25794201648777393,0.5756300903332437
1.0,0.18078911368774686,2.8167138599000805,0.32129605716435394,1.3940545532856459,0.5409666996067041,0.9955657538266985,0.41241819521245976
1.0,0.2836488667331023,0.396824978684699,0.22726926067509848,0.3317259305529199,0.13842320096473373,1.9086579653575917,0.9211353003239235
1.0,0.5947566776082551,0.24658698807192916,0.8982173905133379,0.9008691900630148,0.9695307742349428,0.8581354461314886,2.4488736028788094
1.0,0.8068909409033959,0.6762271881532322,1.5290344976270827,0.6450738759519937,0.18866045953843663,0.3801089958618147,0.4233699914864529
1.0,0.8044751021666524,0.19157700192367122,1.5878989561361387,0.6037037835744575,0.014047777694054235,0.6026461724451319,0.7084263268277009
1.0,0.19725778292349735,0.8443772802075745,0.5140213528023215,0.27724351444596945,1.4171790221504008,1.4501130581670179,1.9939466325308437
1.0,0.25827859126850317,1.3131312514813718,0.05512239854834247,0.4525392521516403,0.9192512921138376,0.3832511706952318,1.4684314016416102
1.0,0.8949706466544326,1.562024833473976,0.5423730920082422,0.6471268422313946,0.5103496982148135,0.3975292293861386,0.4686315315514712
1.0,0.2671581243345016,1.8723378107545805,0.7465824763358532,0.627215366474483,1.9224686340884907,0.26569630906131153,0.6873693266682703
1.0,0.10860106572276122,0.6939254237865575,0.33357815915761,0.32050978830995097,0.4930424425408372,0.8227406933169007,1.4288315328491208
1.0,0.6503870687494367,1.1383080870268483,0.03267697914010329,0.2569151660735663,0.38920885074066375,0.6854243018556281,0.695598816777689
1.0,0.821262512645207,0.423813810938516,1.6272481490688542,0.9791330770604654,0.44370612182271923,0.5987561064513267,0.2414749472592067
1.0,0.39033283211447883,0.3605203374798749,0.9139470137997292,0.9423069386964495,0.43730653354008475,1.560691469694069,0.7058739840964744
1.0,0.42698799011212635,0.12796426471467431,1.8069654294608855,0.46934199369700064,0.40076121420178984,0.3693703521752731,0.02413748162915664
1.0,0.6762324221486818,0.2369466374999003,1.4567118414436668,0.45916422349757335,0.7834698746787138,0.5959982388618489,0.07501982004550166
1.0,0.9671282025818783,1.1061446903474161,1.098273921972615,0.634068704814186,1.1783463923434367,3.1393181139704445,0.18315972525234567
1.0,0.17946938939892215,0.5860203138690802,2.5212709358914487,0.2174091960048268,0.6891621716754962,0.1789279023238346,0.9877680856938384
1.0,0.14977789366304975,2.274862771345815,1.712751222456841,0.640675180875172,1.8979602046339885,0.31465272158222096,0.19311615412077254
1.0,1.0203545193995793,0.9712347725080744,1.2468263708453566,0.3669029538550742,0.8140734128550509,1.0933560482686917,0.18974193227806807
1.0,0.5475059405263464,1.1392229721809755,1.6127899126841225,0.350876474738735,1.3576859299815829,1.8362897795324518,0.3509371402555939
1.0,0.8643310606855843,0.9395411332175585,0.3854253441149684,0.435081361423854,1.9655770255809841,0.7146816821542297,0.5378555001567087
1.0,0.8781293681064609,2.356887282739682,0.9750656163076544,1.7812415608290928,0.981934136120005,2.525557231842307,0.5577882404819394
1.0,0.19163734301016355,1.0998890259619152,0.9648498522881007,1.3372251263825177,0.2173900348607583,1.8376608170752473,0.5085808963451717
1.0,1.0469387559070946,1.5569762336999418,2.4424232651312012,0.9326764001326121,0.24869309777293322,0.5597289934294403,1.1769020333179345
1.0,0.1374311767375641,0.22224722990995055,0.3417772147610271,0.7033093565042476,1.032665141468441,1.6851668367926183,2.292765173967502
1.0,0.884202984198064,0.8636094746275184,0.728068970397249,0.12986250681423414,0.3286524727074193,1.0680170910534847,1.3775250395091951
1.0,0.3198077034504508,1.1027349132778086,1.1231078336198963,0.17438961076837797,0.686331755042821,2.396875285679947,0.9548016010822536
1.0,1.4082684571887407,0.4987911565532597,0.9833810711708251,0.2923226616300328,1.0940478977682067,0.7318950724461011,0.7808214838681494
0.5357921212202611,0.09326749127296896,0.6191826748630491,0.41667009437772495,0.5762036014542584,0.9998255077580853,0.6953090056848501,0.5816944554908589
0.5981857907760989,0.5779829553220301,0.8059876355863518,0.29531860679620237,0.7071653914997741,0.21668277370400513,0.6898058021743955,0.3643009551487175
0.7370372052275699,0.8819710786612126,0.16101892707240828,0.812383478537898,0.10463050866898671,0.2639579863665692,0.032030367048050956,0.9916419434221343
0.9690147440234993,0.8425904365305499,0.5578198041438044,0.5479550483598215,0.5345036995795287,0.7607269896504614,0.15528479005551654,0.029030359889258284
0.1616185521624317,0.41200238835423864,0.9913921200439273,0.24114439312697644,0.420434425427339,0.7639853450531762,0.6019467229057484,0.1919636858461936
0.7759838750484962,0.7342720668986871,0.7370457670209509,0.626763629574409,0.2379343053874674,0.15956871689205454,0.9164647882205237,0.5645797532758225
0.7443609820360911,0.47132530177599297,0.5071790019493222,0.9892553679707677,0.9383939653763161,0.6044921905716764,0.33648187579545774,0.8354162794750805
0.4652919758030024,0.9716619980384235,0.4910837164585332,0.8987316844152419,0.5586690960976909,0.7060967787188739,0.2795606736831796,0.14018885951314342
0.35218520998585345,0.2656897745845227,0.8814981310362856,0.07114917922476471,0.19251868836790542,0.21798593056733184,0.7334484501530979,0.672173301408132
0.4914584366217918,0.6383929842360878,0.5361457054321412,0.7215757475863068,0.4378356444424053,0.25015920615833054,0.16650744801118167,0.5596908781471627
0.8204585954940353,0.33259996286643156,0.6334990949270276,0.47566224022535075,0.04440627264209096,0.9705514793317668,0.45878031132123875,0.4783461845701529
0.42855411460002824,0.34925970858905,0.7738190233636907,0.9126864629620665,0.012219844029370153,0.7784567414728468,0.32002637792758726,0.8601195368073319
0.2657855291420764,0.4672320595515401,0.8023841408605132,0.8626316134853133,0.3413816984729743,0.8087869378950553,0.5467943070157341,0.8420299109039583
0.1621386239294339,0.7479743146579144,0.990002346561537,0.7775866581020936,0.017997898710888083,0.3465263244952461,0.677537629234897,0.254452193014041
0.7469270352686991,0.5155866571972173,0.9001852563403302,0.6261435056391886,0.7764598309809869,0.4256345526333801,0.2319661162966642,0.866151676740208
0.36820857021098585,0.2214269617069553,0.1361175451791259,0.9183492042090164,0.25380515223261746,0.2487384280306686,0.845957842872291,0.12702340513937171
0.7310357879894652,0.364969762127486,0.643457441620951,0.19288069013450793,0.057357156684125,0.1707227257407914,0.5882276683782344,0.6354341525255771
0.2824456612347972,0.40164120210293297,0.3509469180871502,0.9079606272335136,0.558107066182148,0.29734333981684524,0.341314164410775,0.553706552596597
0.806602362002117,0.49097947502782513,0.4842743310422195,0.46606357953145383,0.5711560059660238,0.5476660131445032,0.23813824574111053,0.9086694378814927
0.5534323222973406,0.02396077058499846,0.7705183665301629,0.14142945860797984,0.08597092584625665,0.28633351041189836,0.448983721500273,0.6005200147971613
0.8040073635216143,0.5843137080299515,0.824240326835534,0.002583108555353153,0.007694076229376234,0.1450347446660185,0.9828728248864128,0.45229780993609137
0.31765950889459205,0.5245858497981958,0.3143337055107257,0.6915594497019704,0.6500411684877617,0.5174170455609912,0.01923437866927713,0.19274558035261968
0.916118660876425,0.2652941703745173,0.7942009386401755,0.8663549154739232,0.37079118686319323,0.12826362898109378,0.7779866574399348,0.8440132389821358
0.8497203454771974,0.46816896076485004,0.050946691017238255,0.8736509208884018,0.4793068862376677,0.9380603131422559,0.33424387654127186,0.9760986300823151
0.6118597237048248,0.6494402591373447,0.6568478823059083,0.2606641328719974,0.2053599688765042,0.28875085800743316,0.045211930938165446,0.8512550909728566
0.7540037613100266,0.501521068727235,0.32976141490169075,0.23802113083836451,0.5974422800357226,0.9179174248497365,0.7210588355067997,0.4870871812428582
0.20952030499171503,0.3014797304360135,0.9085847452004691,0.5922976956292049,0.22441462468425855,0.15040753405904284,0.22551893770453968,0.044810937493635516
0.5212002935544336,0.5874746300375427,0.8220131966438622,0.8759719631910681,0.6843158321075685,0.10734687152795863,0.13519885031388312,0.5763858569588017
0.7623983479211651,0.41186166352273923,0.2489327526309485,0.8487131728852622,0.03505044618253195,0.27491244575777307,0.6945803732598129,0.13272068209887677
0.34191952095471645,0.541623867235455,0.7147604075732599,0.8418060056191273,0.17441599904471083,0.7202007455566416,0.4179473399707426,0.22726751889571306
0.8716109460541388,0.8507260802612073,0.27985988317531496,0.908589494100335,0.3419380830685017,0.06490872720190766,0.8075268026537025,0.4749305880978334
0.9649264112699539,0.07881712807196617,0.655085291373794,0.16967707989699887,0.7577985508155477,0.19743135769676845,0.8915455849467661,0.5534795755525723
0.6843105974140992,0.8458894143571386,0.5904012148277199,0.4698957615905516,0.21183614466255962,0.916076404398889,0.8020137960638551,0.4065134129778296
0.9131915955305828,0.025148357741673788,0.9652750849940572,0.3251991212394624,0.2135790380499294,0.3449173796959727,0.35985266951391814,0.5492816759881705
0.2752922306712471,0.06921660636530735,0.9262023525688072,0.9532967757506404,0.24104632803711845,0.18116645020108157,0.6914606785592515,0.6476415794135131
0.34857218452480077,0.6989052144256946,0.9237678631710649,0.7207134028641808,0.01377539397335803,0.9862430113459807,0.6425707099226515,0.7598195922658889
0.34063236681391285,0.2819324012526353,0.442865077172658,0.42621622000248793,0.16433123768477265,0.5592313499033659,0.07289808291031652,0.7013555227014553
0.21582212413433566,0.21097927800567906,0.7328979001686365,0.21133054889174663,0.14815019887846415,0.2869828368795172,0.9444301569369472,0.024732708450871943
0.5517430996834657,0.49445864914145066,0.9083688726160728,0.5359481197981668,0.7451049062749306,0.30114146428757205,0.2408619652689149,0.6639907890907922
0.19518390436720245,0.8172821662130245,0.4459250152840356,0.9556272005521689,0.025590370378934968,0.5708139758467389,0.41708868537895283,0.02414495329248212
0.7353300308724049,0.127621270637978,0.11409320190799765,0.244907165402804,0.4390017276605871,0.16606887540678816,0.5786811495417833,0.24045254895247548
0.7891019377958057,0.04407763640143836,0.8860310340289569,0.7069031276776669,0.46128744105361263,0.9312367442309702,0.6361170592102554,0.8645610386467399
0.5792319404246542,0.04873765136420238,0.9505989917244434,0.16209876653810762,0.7235855815881049,0.9583628041810665,0.05186318112079924,0.005773429230009008
0.7928427604149002,0.4134388034997858,0.7377565187671836,0.5171703114053532,0.627428159911276,0.016142105678421448,0.7975611222138234,0.24296278616863964
0.5092814360571507,0.2532601373048965,0.7708652634746764,0.04561648395175877,0.012827607654271267,0.4119072358251894,0.9934443773856675,0.19122399635947673
0.5518193245419142,0.5408623094491591,0.9612291153209667,0.5358342965122855,0.7351416780838387,0.7261296700230109,0.6835685315964719,0.7576394066827447
0.77453555855441,0.722691722182785,0.3418548767631716,0.29236309704698116,0.6391281178532768,0.4631490796574119,0.9145348598458014,0.7605119876691459
0.5779040001378196,0.3287481196168378,0.9884655631689436,0.6182200932509245,0.6670825881173796,0.5612320417395341,0.6488686373461908,0.5167646350833509
0.7698151131180387,0.5223817482895946,0.6557070620167801,0.9618030602609098,0.9252454589770314,0.2648899737737922,0.6297921754572384,0.6487309232540592
0.30174272531241164,0.8069952801287761,0.08946547952499606,0.7097115191504461,0.4432243982971735,0.3359887674834823,0.7911972367588602,0.7363861501784851
0.8931845239635685,0.4390725940957886,0.9726062546149862,0.3089375190619915,0.08688873300989575,0.49702673704861877,0.01834455244787392,0.34553067421125294
0.731078526548818,0.8531844398876821,0.7878324264478266,0.5777016040961297,0.79249223860901,0.6683471377103047,0.13595396866587905,0.7682743945033795
0.37186382981076294,0.2679421593357658,0.6998952091812228,0.7348935344367488,0.054310069269667305,0.7819703650019523,0.5776731046004834,0.8234196886964406
0.7763323323663269,0.5408229890312248,0.7931623420662202,0.5068306612754734,0.5643392535668627,0.29179135309064785,0.03612210206496913,0.5383623674877129
0.35852708813856105,0.5172446296251417,0.9216859092126145,0.7405340381269866,0.7082583019872732,0.038970320398049596,0.5724641419318419,0.16060919856569278
0.874892131859503,0.9318263017638112,0.16506023633484945,0.13268396630453128,0.0016168543523538137,0.7386379409268284,0.9468778592486519,0.4860412998249525
0.6709829354848227,0.494532938396371,0.7228104898686358,0.05118086628955931,0.6310965656598436,0.9467442300254159,0.03431736150270659,0.6621970842183483
