1.0,0.8594482485684144,1.0558793882126443,0.9930629286370952,0.6429003997858325,1.0341243771146735,0.3578852799330532,1.209867466501088
1.0,0.5748654874176662,1.3423682355757103,0.09562820935455836,0.4998509708535369,1.3231476067790648,0.4518725682601239,1.1439147682904638
1.0,0.4532462759222059,0.459253233874231,0.8779951113787278,0.4272705954738707,0.1349852773812962,0.2806519862548973,2.060888427778817
1.0,0.3325022223676444,0.47655159097096345,0.04126037614854007,0.9559540370537678,0.569542533860494,1.1476582685477277,0.0947671968204581
1.0,0.774017007389231,0.14738865835028708,0.34922402920608164,0.35992663901865424,0.8915378764591698,0.23057675899457958,0.5124062671502093
1.0,0.3287668217483357,0.2151014193595495,1.414076030663333,0.25617345561176885,0.3521820148904564,1.1715316596053398,0.8570093424365471
1.0,0.9671193494293081,0.22416854480930323,1.2991104367081536,0.5884608609264832,0.6578399753146533,0.7036695299613812,0.17431393666492853
1.0,1.4906458377624459,0.998480156648874,0.862441050988084,0.5576170181057981,0.47055524893148015,0.34764682816131653,0.4208541093255332
1.0,0.8535438872038221,1.2106461649962872,0.3003426700258822,0.7033883048984669,0.6517208811418431,0.9073816756312739,0.27880984225418526
1.0,0.2864595115859142,2.2979985118949617,1.433321529804983,0.43758406387320103,0.01708923049771764,1.9818315189492635,0.8126271223373094
0.3701223766021623,0.7600544146359483,0.798644163535001,0.6633044488704206,0.14688337043126987,0.42826966469084937,0.8600017073812205,0.21775503722814704
0.4811729161372029,0.19890108042672228,0.39062404441037457,0.7626239524777645,0.4237808093992632,0.5260797612226069,0.9958943951602701,0.11267117789915904
0.4520722334676841,0.3917991100931525,0.14744043234099147,0.05602932525374704,0.20372814451076882,0.649742100732046,0.1733857702875342,0.1846078313039199
0.567078183189581,0.7081242833512807,0.11951439796481289,0.23953181424310488,0.23984373591635033,0.3177500543313856,0.0009064232862717736,0.08411473527131264
0.4057152168535245,0.14607732933816697,0.7671598566579292,0.021994492862627668,0.2245453853427276,0.431688142626661,0.920398615277056,0.7444319179169724
0.5477412572793215,0.8621351071653278,0.469176334363839,0.9560457872241696,0.17672139865328929,0.05427206371283455,0.04153431017276754,0.4017499690240741
0.7356627835103053,0.5251192301181287,0.966832735242277,0.48704053349402054,0.5355771858374874,0.8407084324629533,0.5116162579433149,0.13000486534318623
0.7603027837163,0.48128077789887824,0.5296555940094735,0.2075952256838277,0.6504867214622682,0.548008188335802,0.9941628217290361,0.27522570186655515
0.5015770351594546,0.5272966727432804,0.36545975795122176,0.9846766267320003,0.2584564766503873,0.6707783160324147,0.5637651463216065,0.22293557477916925
0.9417538145010047,0.8684345410983028,0.5825671446447273,0.581609316364767,0.8137819068602293,0.179222332524686,0.5091916020035053,0.5507578734927461
0.8502735779575031,0.7920606727327739,0.6655858027308911,0.5547980416110795,0.3201368086145353,0.6338798978507703,0.2214417920328957,0.8699491220466798
0.5175433799529245,0.967986634417939,0.6284993334767025,0.8995781545173634,0.36605607658447925,0.7237973239771298,0.939965107878257,0.34613556933537104
0.752091472053478,0.09736013430006007,0.16733699934086377,0.5024268250370147,0.11114334855550245,0.6713728093674184,0.6771005833706548,0.966618252098346
0.6464753507710579,0.6075038094708831,0.25526777494322983,0.22116709852545036,0.0002349301554883665,0.8394985479274133,0.46771762266457073,0.33841940019452477
0.9827906986379465,0.33661144943888943,0.37618548994307,0.06871093480267321,0.5250791859359843,0.6527583290932818,0.9637102010193225,0.3719130192173252
0.905329314659776,0.3790993081895736,0.523722749038474,0.7124364332688514,0.574647296655865,0.9660472583665094,0.5721953812518473,0.10090865407046501
0.24042096785468714,0.5129966948296201,0.29922101387720623,0.36146568384222233,0.08305790824008041,0.9181239708687412,0.9874808365818255,0.5872707336234367
0.8643775648218057,0.4000172591932849,0.8799399139860078,0.42637277295611076,0.28891027848792095,0.3890368741083232,0.22113248954754916,0.18813221842462102
0.6474841149141556,0.4139770726449441,0.3959470372829377,0.974354187869382,0.15524452729820948,0.4138024326992715,0.36862349657190074,0.25914133799956796
0.95298641200046,0.3484273021437846,0.6987727834690736,0.6074129763593848,0.3039948995577012,0.30629883425067095,0.4245019630660445,0.19603121471642893
0.6837604547929823,0.3350407906831695,0.40916959043211776,0.123778755511181,0.30645537881343754,0.6941235704958205,0.41335149418492434,0.5145856053956457
0.8914472090237127,0.12513927538591274,0.429868043306471,0.42542787848482333,0.5664529110327047,0.052679789344243444,0.31407077424841723,0.5097403914276732
